100000000
011000011
100110101
011000100
100111101
011000101
100111110
011000110
010010110
100000000
011000001
000000110
100111111
011000111
010010111
100000000
011000001
000000111
101000000
011001000
010000101
100011010
011000010
001001111
011101111
100000001
011000010
100000010
001010000
100011010
011000101
011110101
100001010
011000001
001001111
011101111
100000001
011000010
100000010
001010000
100001010
011000101
010000011
011110111
000011111
011101111
101111111
011000010
000101110
100000000
011000010
011001101
011101110
100010000
001010000
011101101
100000001
011000010
000011101
111111111
011000010
011101110
000001110
011101110
100000000
011000010
100000011
001010000
011000001
111110000
001010000
011101101
100000111
011000010
000111101
011101111
101111111
011000010
000101111
011101101
011111111
001101111
011101111
010101000
011101000
100000001
011000010
000001000
011100111
011110110
000101110
011100111
100000001
011000010
000110111
100000000
011001101
100000000
011000010
011101110
100010000
001010000
011101101
100000001
011000010
000011101
111111111
011000010
011101110
000001110
011101110
100000000
011000010
100000011
001010000
011000001
111110000
001010000
011100111
101111110
011000010
000100111
011100111
011111101
001100111
100000001
011000010
011100011
000000011
011100011
011110100
001001111
011101111
011000010
110100010
001010000
